311
10002
0
10003
127, 15, 15
103, 0, 0
127, 36, 0
79, 79, 0
47, 111, 0
0, 31, 0
0, 47, 15
0, 47, 127
0, 0, 71
39, 0, 103
127, 15, 87
10004
5,5,6,6,6,7,7,7,8,8,8,9,9,9,10,10,10
3,3,4,4,4,5,5,5,6,6,6,7,7,7,8,8,8,9,9,9
0,0,0,1,1,1,2,2,2,3,3,3,4,4,4,5,5,5,6,6,6,7,7,7,8,8,8,9,9,9,10,10,10
3,3,4,4,4,5,5,5,6,6,6,7,7,7,8,8,8,9,9,9
0,0,0,1,1,1,2,2,2,3,3,3,4,4,4,5,5,5,6,6,6,7,7,7,8,8,8,9,9
2,2,2,3,3,3,4,4,4,5,5,5,6,6,6,7,7,7,8,8,8,9,9,9,10,10,10
3,3,4,4,4,5,5,5,6,6,6,7,7,7,8,8,8,9,9,9
0,0,0,1,1,1,2,2,2,3,3,3,4,4,4,5,5,5,6,6,6,7,7,7,8,8,8,9,9,9,10,10,10
3,3,4,4,4,5,5,5,6,6,6,7,7,7,8,8,8,9,9,9
0,0,0,1,1,1,2,2,2,3,3,3,4,4,4,5,5,5,6,6,6,7,7,7,8,8,8,9,9,9,10,10,10
3,3,4,4,4,5,5,5,6,6,6,7,7,7,8,8,8,9,9,9
0,0,0,1,1,1,2,2,2,3,3,3,4,4,4,5,5,5,6,6,6,7,7,7,8,8,8,9,9
2,2,2,3,3,3,4,4,4,5